35.90 -0.70 -20.66
28.17 -0.72 -14.11
Wait
20
20.43 -0.75 -7.94
10.41 -0.77 -8.30
0.94 -0.70 -4.73
Custom
ClickActor "boss 1 artifact 6 - red skull"
-2.34 -0.75 8.08
Custom
ClickActor "boss 1 artifact 5 - lucky cat"
6.04 -0.72 14.61
3.15 -0.70 6.03
1.98 -0.70 -3.91
11.35 -0.77 -8.01
Wait
20
11.76 -0.77 -8.15
21.92 -0.75 -8.40
32.16 -0.70 -8.53
42.22 -0.70 -8.46
52.36 -0.72 -8.18
Wait
20
60.50 -0.77 -8.11
Custom
ClickActor "boss 1 artifact 3 - ratonga nutcracker"
69.12 -0.70 3.89
Custom
Target "bloodrose bouquet" 0 10
60.11 -0.77 -8.22
50.10 -0.77 -8.14
41.04 -0.75 -3.66
36.95 -0.22 5.47
36.11 -0.73 15.77
35.91 -0.78 26.06
32.82 -0.74 35.91
Custom
ClickActor "boss 1 artifact 4 - rocking horse"
22.24 -0.53 36.44
Wait
20
49.92 -0.52 50.11
50.56 -0.78 54.96
Custom
ClickActor "boss 1 artifact 1 - speed racer"
48.22 -0.75 54.82
Wait
20
50.04 -0.32 49.37
35.81 -0.78 35.11
31.60 -0.78 44.36
22.80 -0.79 49.48
12.79 -0.79 50.41
Wait
20
3.62 -0.75 50.08
Wait
20
3.45 -0.75 44.63
Custom
ClickActor "boss 1 artifact 2 - rubber ducky"
-0.12 -0.78 45.45
Wait
20
3.62 -0.75 44.80
3.71 -0.73 55.11
3.22 -0.77 65.22
-6.69 -0.74 62.80
-17.00 -0.73 61.82
-27.10 -0.82 62.03
Named
Kartur
CustomNamed
-30.71 -0.77 60.14
Wait
20
-27.08 -0.82 61.84
-16.81 -0.73 61.92
-6.77 -0.74 61.93
Wait
20
3.26 -0.73 62.00
3.83 -0.75 51.91
Wait
20
3.88 -0.75 50.41
14.01 -0.74 50.15
24.26 -0.78 49.43
34.27 -0.74 47.89
34.98 -0.74 37.77
35.69 -0.78 27.76
36.41 -0.73 17.79
37.14 -0.75 7.50
39.11 -0.75 -2.37
47.46 -0.76 -8.34
57.59 -0.70 -8.79
Named
Rilayne
CustomNamed
68.71 -0.75 -8.74
63.56 -0.76 -8.30
66.03 -0.75 1.68
68.63 -0.75 11.64
70.50 -0.75 21.65
71.08 -0.75 31.78
Wait
20
70.93 -0.75 33.22
Wait
20
63.66 -0.75 32.54
64.14 -4.29 42.27
64.10 -8.90 51.39
Wait
20
64.11 -15.48 66.05
Wait
20
70.43 -15.47 65.56
79.55 -15.41 70.17
Wait
20
82.57 -15.41 71.66
80.68 -15.36 81.54
79.26 -15.41 91.50
Wait
50
76.91 -14.84 99.99
104.60 -15.46 78.43
Wait
50
104.60 -15.46 71.43
111.51 -15.37 78.96
115.37 -15.41 88.33
Wait
50
116.36 -15.41 91.18
Named
Vhenex
CustomNamed
108.01 -15.46 94.42
107.83 -15.46 84.27
109.31 -15.37 74.23
113.96 -15.41 65.01
122.33 -15.43 59.28
131.97 -15.43 55.88
142.22 -15.43 54.75
152.22 -15.43 55.10
Wait
20
157.66 -15.43 56.57
Custom
HailActor Lyrez 4
155.75 -15.43 68.26
Wait
50
155.75 -15.43 68.26
Custom
Target Lyrez 0 10
155.75 -15.43 68.26
Wait
50
155.75 -15.43 68.26
Custom
RosySpawnKing
155.92 -15.43 68.28
Custom
WaitForMob King 100 1
149.38 -15.28 108.61
Named
King
CustomNamed
149.38 -15.28 108.61
158.70 -15.28 104.50
168.81 -15.28 102.44
178.86 -15.28 100.72
188.95 -15.46 99.55
198.94 -15.46 98.43
208.90 -15.46 97.32
218.98 -15.46 95.37
Custom
AutoConsume "Totem of the Otter" 1
228.53 -15.47 91.75
237.49 -15.49 87.23
243.75 -15.65 79.09
249.88 -15.65 71.17
258.15 -15.65 65.53
268.45 -15.65 64.11
279.07 -15.65 65.57
288.41 -15.65 69.81
296.16 -15.65 76.40
300.87 -15.65 85.48
302.57 -15.65 95.35
Named
Thornblood
CustomNamed
302.59 -15.65 97.72
Custom
AutoConsume "Totem of the Otter" 0
256.94 -15.49 138.08
Wait
20
256.94 -15.49 138.08