374.155579 -19.283426 -474.181519
377.979675 -19.283401 -464.655212
381.617493 -21.140413 -455.229675
385.144684 -21.181414 -445.855286
388.773407 -20.689037 -435.862488
391.854736 -20.458647 -425.955841
393.433228 -21.181421 -415.996918
396.653656 -20.841354 -406.102325
400.912140 -21.214331 -396.579742
407.520477 -20.533772 -388.954224
416.378632 -20.142626 -384.006073
426.391785 -21.161409 -382.137299
436.361450 -21.046986 -380.040924
446.201508 -19.296047 -377.609039
Wait
50
454.728821 -16.992422 -375.498230
Custom
WaitForMob "Wrath of Ro"
434.563446 -20.431398 -387.754333
Named
Wrath
CustomNamed
434.563446 -20.431398 -387.754333
Custom
WaitForMob "Retribution of Ro"
434.563446 -20.431398 -387.754333
Named
Retribution
CustomNamed
434.563446 -20.431398 -387.754333
Wait
100
434.563446 -20.431398 -387.754333
Wait
50
459.260010 -16.460001 -374.380005
Custom
WaitUntilAllGroupWithinRange
328.830811 -2.443954 -301.774323
DontStopForCombat
335.678192 -1.303635 -294.186859
341.807587 0.596556 -286.207520
347.320374 2.685336 -277.740265
352.842102 2.744172 -269.389252
354.445709 4.300694 -259.531494
356.357574 6.499685 -249.751312
358.917725 9.582267 -240.527969
363.192383 13.302590 -231.876053
368.062317 14.364127 -222.738037
377.592590 15.526707 -226.018845
386.138611 17.725277 -231.290726
394.837769 18.514368 -236.423645
403.710480 18.514368 -241.409073
Custom
WaitForMob "Vengeance of Ro"
405.688446 18.514368 -242.486176
Named
Vengeance
CustomNamed
405.688446 18.514368 -242.486176
StopForCombat
Wait
20
426.645050 19.660858 -260.711090
