Ballads of Zimara: Riddlestone Remediation Services
Custom
HailActorGetQuest -Actor "Crestcry"
1069.37 179.50 756.18
1065.63 177.40 745.38
1064.62 176.64 725.26
1071.06 176.96 713.83
Custom
HailActor "Ooichimedes" 6 1
1071.06 176.96 713.83
951.06 164.86 756.11
929.35 161.86 760.16
Custom
ClickActor -Actor bird 
929.35 161.86 760.16
Custom
TravelMap "Sanctuary"
929.35 161.86 760.16
348.22 252.95 730.41
345.61 252.83 732.94
293.13 263.05 795.62
297.22 230.47 680.92
311.45 205.80 590.99
240.67 201.20 537.77
227.02 154.19 482.56
165.87 92.79 402.47
264.38 44.84 331.09
343.04 49.27 278.53
403.64 64.87 279.94
478.21 78.67 282.08
536.51 86.02 249.26
610.51 84.50 189.10
675.14 61.26 178.47
Custom
Path -PL 29 -L -QA "-A|noxious swarm larvae|-T|QSC:8/8|-E|K" -QA "-A|a wild aeraquis|-T|QSC:10/10|-E|K"
668.60 63.50 176.67
723.26 55.66 165.77
706.99 55.08 220.49
739.12 60.56 197.62
758.52 61.75 231.49
802.31 64.59 231.99
817.44 62.84 173.68
851.69 58.30 148.00
777.74 58.82 151.87
759.76 44.85 52.40
774.68 44.91 -18.99
718.79 57.85 37.24
669.97 74.16 59.29
683.75 78.59 79.72
626.07 86.19 118.54
619.64 81.85 177.75
571.44 93.95 197.02
521.64 95.97 197.67
455.87 105.12 186.27
449.15 98.10 217.98
433.12 73.51 258.28
380.16 60.02 283.29
364.37 48.54 384.01
450.09 73.10 447.49
504.75 81.94 405.49
537.05 86.87 348.28
560.34 103.67 403.73
601.41 105.16 451.70
630.31 103.95 488.93
Custom
Path
500.64 80.63 287.31
403.64 64.87 279.94
343.04 49.27 278.53
360.89 53.36 295.92
306.54 46.38 310.50
236.32 58.29 363.91
166.10 99.07 416.74
121.85 140.18 509.51
157.02 183.90 592.30
208.74 217.71 680.84
289.11 239.40 728.86
311.94 252.92 767.06
287.08 285.92 892.05
309.44 286.42 925.18
356.70 285.94 987.54
333.34 276.09 1034.51
284.35 280.99 1046.78
240.44 286.68 1052.55
345.61 252.83 732.94
Custom
ClickActor -Actor bird 
345.61 252.83 732.94
Custom
TravelMap "Felfeather Isle"
0 0 0
929.35 161.86 760.16
951.06 164.86 756.11
1028.57 173.76 793.29
1042.89 174.06 764.90
1072.78 176.96 714.08
Custom
HailActor "Miranna Ameema" 5 1 
1072.78 176.96 714.08
951.06 164.86 756.11
929.35 161.86 760.16
Custom
ClickActor -Actor bird 
929.35 161.86 760.16
Custom
TravelMap "Sanctuary"
929.35 161.86 760.16
348.22 252.95 730.41
345.61 252.83 732.94
293.13 263.05 795.62
297.22 230.47 680.92
311.45 205.80 590.99
240.67 201.20 537.77
227.02 154.19 482.56
184.36 163.27 488.97
97.92 41.99 276.17
36.59 37.86 296.87
-76.05 48.08 330.48
-132.25 48.29 407.67
-205.10 67.88 438.50
-300.27 91.39 434.38
-331.99 88.15 363.09
-298.46 97.62 296.37
-252.68 117.42 256.54
-201.00 152.03 189.32
-192.50 160.09 154.59
-262.55 173.31 66.13
-254.29 184.57 33.21
-293.70 176.14 9.81
-286.48 181.41 -24.84
-229.97 203.95 -34.67
-182.21 213.15 -11.07
-172.57 213.54 71.12
-114.80 219.81 82.56
-50.33 250.02 25.68
-34.17 253.90 21.56
-24.76 256.71 4.42
Custom
PauseCombatBot 1
-24.76 256.71 4.42
Custom
Target "a Felfeather Shield" 0 14
-24.76 256.71 4.42
Custom
UseItem "Potion of Vigorous Unmaking"
-24.76 256.71 4.42
Wait
20
-24.76 256.71 4.42
Custom
PauseCombatBot 0
-24.76 256.71 4.42
-33.98 253.51 28.12
-30.10 254.56 51.03
Custom
PauseCombatBot 1
-30.10 254.56 51.03
Custom
Target "a Felfeather Shield" 0 14
-30.10 254.56 51.03
Custom
UseItem "Potion of Vigorous Unmaking"
-30.10 254.56 51.03
Wait
20
-30.10 254.56 51.03
Custom
PauseCombatBot 0
-30.10 254.56 51.03
-2.16 254.62 55.40
20.78 255.70 54.78
30.50 255.04 48.22
Custom
PauseCombatBot 1
30.50 255.04 48.22
Custom
Target "a Felfeather Shield" 0 14
30.50 255.04 48.22
Custom
UseItem "Potion of Vigorous Unmaking"
30.50 255.04 48.22
Wait
20
30.50 255.04 48.22
Custom
PauseCombatBot 0
30.50 255.04 48.22
39.66 255.32 58.00
69.09 260.42 96.22
Custom
PauseCombatBot 1
69.09 260.42 96.22
Custom
Target "a Felfeather Shield" 0 14
69.09 260.42 96.22
Custom
UseItem "Potion of Vigorous Unmaking"
69.09 260.42 96.22
Wait
20
69.09 260.42 96.22
Custom
PauseCombatBot 0
69.09 260.42 96.22
66.24 256.38 114.93
55.63 260.29 138.83
23.54 256.43 145.72
17.37 258.12 150.87
Custom
PauseCombatBot 1
17.37 258.12 150.87
Custom
Target "a Felfeather Shield" 0 14
17.37 258.12 150.87
Custom
UseItem "Potion of Vigorous Unmaking"
17.37 258.12 150.87
Wait
20
17.37 258.12 150.87
Custom
PauseCombatBot 0
17.37 258.12 150.87
9.76 255.33 137.78 293.95 0.00 0.00
52.33 255.40 104.41 321.78 0.00 0.00
24.86 255.01 65.99 71.61 0.00 0.00
-27.61 254.61 52.90 72.00 0.00 0.00
Custom
PauseCombatBot 1
-30.10 254.56 51.03
Custom
Target "a Felfeather Shield" 0 14
-30.10 254.56 51.03
Custom
UseItem "Potion of Vigorous Unmaking"
-30.10 254.56 51.03
Wait
20
-30.10 254.56 51.03
Custom
PauseCombatBot 0
-30.10 254.56 51.03
-26.70 254.26 26.00
Custom
PauseCombatBot 1
-24.76 256.71 4.42
Custom
Target "a Felfeather Shield" 0 14
-24.76 256.71 4.42
Custom
UseItem "Potion of Vigorous Unmaking"
-24.76 256.71 4.42
Wait
20
-24.76 256.71 4.42
Custom
PauseCombatBot 0
-24.76 256.71 4.42
-38.53 252.72 22.23
-120.91 219.44 71.14
-167.16 213.20 84.95
-183.77 215.66 4.21
-221.20 205.89 -38.14
-302.02 178.57 -4.65
-258.41 184.71 32.65
-254.74 164.66 91.49
-187.11 157.94 167.53
-229.82 133.39 208.75
-291.78 100.41 290.88
-351.18 77.35 318.87
-319.73 91.32 412.33
-297.40 93.66 485.11
-346.24 113.49 565.55
-326.54 116.98 606.82
Wait
20
-326.54 116.98 606.82
-332.72 108.22 543.92
-279.88 88.88 477.04
-177.95 58.09 439.64
-106.85 41.47 410.78
-50.63 37.94 376.72
7.70 39.90 328.60
61.24 55.97 343.88
80.80 97.80 429.48
99.71 133.23 511.43
117.05 166.17 581.72
174.85 207.32 659.92
241.05 229.27 711.63
301.72 263.04 804.00
256.34 275.80 831.89
206.03 281.25 849.49
167.98 281.45 849.86
149.19 280.74 863.85
Custom
ClickActor -Actor cloud 
149.19 280.74 863.85
Custom
TravelMap "Preening Island"
149.19 280.74 863.85
Wait
20
149.19 280.74 863.85
-304.20 192.71 1105.00
-340.67 195.77 1101.25
-450.22 218.34 1087.92
-487.99 228.26 1069.79
Custom
HailActor "Miranna Ameema" 5 1 
1072.78 176.96 714.08
-434.02 214.64 1087.75
-343.74 195.66 1100.17
-302.74 192.20 1105.56
Custom
ClickActor -Actor cloud 
-302.74 192.20 1105.56
Custom
TravelMap "Preening Island"
-302.74 192.20 1105.56
Wait
20
-302.74 192.20 1105.56
150.49 281.34 862.64
114.99 252.54 783.26
149.19 280.74 863.85
167.98 281.45 849.86
206.03 281.25 849.49
256.34 275.80 831.89
301.72 263.04 804.00
241.05 229.27 711.63
174.85 207.32 659.92
117.05 166.17 581.72
99.71 133.23 511.43
80.80 97.80 429.48
61.24 55.97 343.88
7.70 39.90 328.60
Custom
PauseCombatBot 1
6.29 44.31 355.66
Custom
Target "a Hoot Totem" 0 14
6.29 44.31 355.66
Custom
UseItem "Potion of Vigorous Unmaking"
6.29 44.31 355.66
Wait
20
6.29 44.31 355.66
Custom
PauseCombatBot 0
6.29 44.31 355.66
-7.59 37.82 317.00
-19.34 41.11 292.60
-20.33 42.25 287.63
Custom
PauseCombatBot 1
-20.33 42.25 287.63
Custom
Target "a Hoot Totem" 0 14
-20.33 42.25 287.63
Custom
UseItem "Potion of Vigorous Unmaking"
-20.33 42.25 287.63
Wait
20
-20.33 42.25 287.63
Custom
PauseCombatBot 0
-20.33 42.25 287.63
3.78 37.83 295.95
63.01 39.95 302.67
Custom
PauseCombatBot 1
63.01 39.95 302.67
Custom
Target "a Hoot Totem" 0 14
63.01 39.95 302.67
Custom
UseItem "Potion of Vigorous Unmaking"
63.01 39.95 302.67
Wait
20
63.01 39.95 302.67
Custom
PauseCombatBot 0
63.01 39.95 302.67
83.97 40.45 280.47
104.31 40.68 268.75
Custom
PauseCombatBot 1
104.31 40.68 268.75
Custom
Target "a Hoot Totem" 0 14
104.31 40.68 268.75
Custom
UseItem "Potion of Vigorous Unmaking"
104.31 40.68 268.75
Wait
20
104.31 40.68 268.75
Custom
PauseCombatBot 0
104.31 40.68 268.75
128.05 40.86 247.83
160.16 41.20 226.92
Custom
PauseCombatBot 1
160.16 41.20 226.92
Custom
Target "a Hoot Totem" 0 14
160.16 41.20 226.92
Custom
UseItem "Potion of Vigorous Unmaking"
160.16 41.20 226.92
Wait
20
160.16 41.20 226.92
Custom
PauseCombatBot 0
160.16 41.20 226.92
184.32 42.81 247.16
219.24 42.82 271.08
Custom
PauseCombatBot 1
219.24 42.82 271.08
Custom
Target "a Hoot Totem" 0 14
219.24 42.82 271.08
Custom
UseItem "Potion of Vigorous Unmaking"
219.24 42.82 271.08
Wait
20
219.24 42.82 271.08
Custom
PauseCombatBot 0
219.24 42.82 271.08
238.47 47.19 288.07
255.60 41.89 294.55
Custom
PauseCombatBot 1
255.60 41.89 294.55
Custom
Target "a Hoot Totem" 0 14
255.60 41.89 294.55
Custom
UseItem "Potion of Vigorous Unmaking"
255.60 41.89 294.55
Wait
20
255.60 41.89 294.55
Custom
PauseCombatBot 0
255.60 41.89 294.55
269.42 43.14 325.09
277.65 40.78 370.14
278.27 41.48 386.39
Custom
PauseCombatBot 1
278.27 41.48 386.39
Custom
Target "a Hoot Totem" 0 14
278.27 41.48 386.39
Custom
UseItem "Potion of Vigorous Unmaking"
278.27 41.48 386.39
Wait
20
278.27 41.48 386.39
Custom
PauseCombatBot 0
278.27 41.48 386.39
205.41 84.45 396.14
146.36 104.63 434.24
24.97 81.37 404.93
-26.88 67.37 395.77
-102.00 40.95 399.16
-200.75 66.41 437.18
-290.46 90.75 474.34
-335.54 111.37 560.30
-325.78 118.59 642.41
Custom
HailActor "Miranna Ameema" 5 1 
-323.79 118.56 642.41